201918018670001
201918018670002
201918018670003
201918018670004
201918018670005
201918018670006
201918018670007
201918018670008
201918018670009
201918018670010
201918018670011
201918018670012
201918018670013
201918018670014
201918018670015
201918018670016
201918018670017
201918018670018
201918018670019
201918018670020
201918018670021
201918018670022
201918018670023
201918018670024
201918018670025
201918018670026
201918018670027
201918018670028
201918018670029
201918018670030
201918018670031
201918018670032
201918018670033
201918018670034
201918018670035
201918018670036
201918018670037
201918018670038
201918018670039
201918018670040
201918018670041
201918018670042
201918018670043
201918018670044
201918018670045
201918018670046
201918018670047
201918018670048
201918018670049
201918018670050
201918018670051
201918018670052
201918018670053
201918018670054
201918018670055
201918018670056
201918018670057
201918018670058
201918018670059
201918018670060
201918018670061
201918018670062
201918018670063
201918018670064
201918018670065
201918018670066
201918018670067
201918018670068
201918018670069
201918018670070
201918018670071
201918018670072
201918018670073
201918018670074
201918018670075
201918018670076
201918018670077
201918018670078
201918018670079
201918018670080
201918018670081
201918018670082
201918018670083
201918018670084
201918018670085
201918018670086
201918018670087
201918018670088
201918018670089
201918018670090
201918018670091
201918018670092
201918018670093
201918018670094
201918018670095
201918018670096
201918018670097
201918018670098
201918018670099
201918018670100
201918018670101
201918018670102
201918018670103
201918018670104
201918018670105
201918018670106
201918018670107
201918018670108
201918018670109
201918018670110
201918018670111
201918018670112
201918018670113
201918018670114
201918018670115
201918018670116
201918018670117
201918018670118
201918018670119
201918018670120
201918018670121
201918018670122
201918018670123
201918018670124
201918018670125
201918018670126
201918018670127
201918018670128
201918018670129
201918018670130
201918018670131
201918018670132
201918018670133
201918018670134
201918018670135
201918018670136
201918018670137
201918018670138
201918018670139
201918018670140
201918018670141
201918018670142
201918018670143
201918018670144
201918018670145
201918018670146
201918018670147
201918018670148
201918018670149
201918018670150
201918018670151
201918018670152
201918018670153
201918018670154
201918018670155
201918018670156
201918018670157
201918018670158
201918018670159
201918018670160
201918018670161
201918018670162
201918018670163
201918018670164
201918018670165
201918018670166
201918018670167
201918018670168
201918018670169
201918018670170
201918018670171
201918018670172
201918018670173
201918018670174
201918018670175
201918018670176
201918018670177
201918018670178
201918018670179
201918018670180
201918018670181
201918018670182
201918018670183
201918018670184
201918018670185
201918018670186
201918018670187
201918018670188
201918018670189
201918018670190
201918018670191
201918018670192
201918018670193
201918018670194
201918018670195
201918018670196
201918018670197
201918018670198
201918018670199
201918018670200
201918018670201
201918018670202
201918018670203
201918018670204
201918018670205
201918018670206
201918018670207
201918018670208
201918018670209
201918018670210
201918018670211
201918018670212
201918018670213
201918018670214
201918018670215
201918018670216
201918018670217
201918018670218
201918018670219
201918018670220
201918018670221
201918018670222
201918018670223
201918018670224
201918018670225
201918018670226
201918018670227
201918018670228
201918018670229
201918018670230
201918018670231
201918018670232
201918018670233
201918018670234
201918018670235
201918018670236
201918018670237
201918018670238
201918018670239
201918018670240
201918018670241
201918018670242
201918018670243
201918018670244
201918018670245
201918018670246
201918018670247
201918018670248
201918018670249
201918018670250
201918018670251
201918018670252
201918018670253
201918018670254
201918018670255
201918018670256
201918018670257
201918018670258
201918018670259
201918018670260
201918018670261
201918018670262
201918018670263
201918018670264
201918018670265
201918018670266
201918018670267
201918018670268
201918018670269
201918018670270
201918018670271
201918018670272
201918018670273
201918018670274
201918018670275
201918018670276
201918018670277
201918018670278
201918018670279
201918018670280
201918018670281
201918018670282
201918018670283
201918018670284
201918018670285
201918018670286
201918018670287
201918018670288
201918018670289
201918018670290
201918018670291
201918018670292
201918018670293
201918018670294
201918018670295
201918018670296
201918018670297
201918018670298
201918018670299
201918018670300
201918018670301
201918018670302
201918018670303
201918018670304
201918018670305
201918018670306
201918018670307
201918018670308
201918018670309
201918018670310
201918018670311
201918018670312
201918018670313
201918018670314
201918018670315
201918018670316
201918018670317
201918018670318
201918018670319
201918018670320
201918018670321
201918018670322
201918018670323
201918018670324
201918018670325
201918018670326
201918018670327
201918018670328
201918018670329
201918018670330
201918018670331
201918018670332
201918018670333
201918018670334
201918018670335
201918018670336
201918018670337
201918018670338
201918018670339
201918018670340
201918018670341
201918018670342
201918018670343
201918018670344
201918018670345
201918018670346
201918018670347
201918018670348
201918018670349
201918018670350
201918018670351
201918018670352
201918018670353
201918018670354
201918018670355
201918018670356
201918018670357
201918018670358
201918018670359
201918018670360
201918018670361
201918018670362
201918018670363
201918018670364
201918018670365
201918018670366
201918018670367
201918018670368
201918018670369
201918018670370
201918018670371
201918018670372
201918018670373
201918018670374
201918018670375
201918018670376
201918018670377
201918018670378
201918018670379
201918018670380
201918018670381
201918018670382
201918018670383
201918018670384
201918018670385
201918018670386
201918018670387
201918018670388
201918018670389
201918018670390
201918018670391
201918018670392
201918018670393
201918018670394
201918018670395
201918018670396
201918018670397
201918018670398
201918018670399
201918018670400
201918018670401
201918018670402
201918018670403
201918018670404
201918018670405
201918018670406
201918018670407
201918018670408
201918018670409
201918018670410
201918018670411
201918018670412
201918018670413
201918018670414
201918018670415
201918018670416
201918018670417
201918018670418
201918018670419
201918018670420
201918018670421
201918018670422
201918018670423
201918018670424
201918018670425
201918018670426
201918018670427
201918018670428
201918018670429
201918018670430
201918018670431
201918018670432
201918018670433
201918018670434
201918018670435
201918018670436
201918018670437
201918018670438
201918018670439
201918018670440
201918018670441
201918018670442
201918018670443
201918018670444
201918018670445
201918018670446
201918018670447
201918018670448
201918018670449
201918018670450
201918018670451
201918018670452
201918018670453
201918018670454
201918018670455
201918018670456
201918018670457
201918018670458
201918018670459
201918018670460
201918018670461
201918018670462
201918018670463
201918018670464
201918018670465
201918018670466
201918018670467
201918018670468
201918018670469
201918018670470
201918018670471
201918018670472
201918018670473
201918018670474
201918018670475
201918018670476
201918018670477
201918018670478
201918018670479
201918018670480
201918018670481
201918018670482
201918018670483
201918018670484
201918018670485
201918018670486
201918018670487
201918018670488
201918018670489
201918018670490
201918018670491
201918018670492
201918018670493
201918018670494
201918018670495
201918018670496
201918018670497
201918018670498
201918018670499
201918018670500
201918018670501
201918018670502
201918018670503
201918018670504
201918018670505
201918018670506
201918018670507
201918018670508
201918018670509
201918018670510
201918018670511
201918018670512
201918018670513
201918018670514
201918018670515
201918018670516
201918018670517
201918018670518
201918018670519
201918018670520
201918018670521
201918018670522
201918018670523
201918018670524
201918018670525
201918018670526
201918018670527
201918018670528
201918018670529
201918018670530
201918018670531
201918018670532
201918018670533
201918018670534
201918018670535
201918018670536
201918018670537
201918018670538
201918018670539
201918018670540
201918018670541
201918018670542
201918018670543
201918018670544
201918018670545
201918018670546
201918018670547
201918018670548
201918018670549
201918018670550
201918018670551
201918018670552
201918018670553
201918018670554
201918018670555
201918018670556
201918018670557
201918018670558
201918018670559
201918018670560
201918018670561
201918018670562
201918018670563
201918018670564
201918018670565
201918018670566
201918018670567
201918018670568
201918018670569
201918018670570
201918018670571
201918018670572
201918018670573
201918018670574
201918018670575
201918018670576
201918018670577
201918018670578
201918018670579
201918018670580
201918018670581
201918018670582
201918018670583
201918018670584
201918018670585
201918018670586
201918018670587
201918018670588
201918018670589
201918018670590
201918018670591
201918018670592
201918018670593
201918018670594
201918018670595
201918018670596
201918018670597
201918018670598
201918018670599
201918018670600
201918018670601
201918018670602
201918018670603
201918018670604
201918018670605
201918018670606
201918018670607
201918018670608
201918018670609
201918018670610
201918018670611
201918018670612
201918018670613
201918018670614
201918018670615
201918018670616
201918018670617
201918018670618
201918018670619
201918018670620
201918018670621
201918018670622
201918018670623
201918018670624
201918018670625
201918018670626
201918018670627
201918018670628
201918018670629
201918018670630
201918018670631
201918018670632
201918018670633
201918018670634
201918018670635
201918018670636
201918018670637
201918018670638
201918018670639
201918018670640
201918018670641
201918018670642
201918018670643
201918018670644
201918018670645
201918018670646
201918018670647
201918018670648
201918018670649
201918018670650
201918018670651
201918018670652
201918018670653
201918018670654
201918018670655
201918018670656
201918018670657
201918018670658
201918018670659
201918018670660
201918018670661
201918018670662
201918018670663
201918018670664
201918018670665
201918018670666
201918018670667
201918018670668
201918018670669
201918018670670
201918018670671
201918018670672
201918018670673
201918018670674
201918018670675
201918018670676
201918018670677
201918018670678
201918018670679
201918018670680
201918018670681
201918018670682
201918018670683
201918018670684
201918018670685
201918018670686
201918018670687
201918018670688
201918018670689
201918018670690
201918018670691
201918018670692
201918018670693
201918018670694
201918018670695
201918018670696
201918018670697
201918018670698
201918018670699
201918018670700
201918018670701
201918018670702
201918018670703
201918018670704
201918018670705
201918018670706
201918018670707
201918018670708
201918018670709
201918018670710
201918018670711
201918018670712
201918018670713
201918018670714
201918018670715
201918018670716
201918018670717
201918018670718
201918018670719
201918018670720
201918018670721
201918018670722
201918018670723
201918018670724
201918018670725
201918018670726
201918018670727
201918018670728
201918018670729
201918018670730
201918018670731
201918018670732
201918018670733
201918018670734
201918018670735
201918018670736
201918018670737
201918018670738
201918018670739
201918018670740
201918018670741
201918018670742
201918018670743
201918018670744
201918018670745
201918018670746
201918018670747
201918018670748
201918018670749
201918018670750
201918018670751
201918018670752
201918018670753
201918018670754
201918018670755
201918018670756
201918018670757
201918018670758
201918018670759
201918018670760
201918018670761
201918018670762
201918018670763
201918018670764
201918018670765
201918018670766
201918018670767
201918018670768
201918018670769
201918018670770
201918018670771
201918018670772
201918018670773
201918018670774
201918018670775
201918018670776
201918018670777
201918018670778
201918018670779
201918018670780
201918018670781
201918018670782
201918018670783
201918018670784
201918018670785
201918018670786
201918018670787
201918018670788
201918018670789
201918018670790
201918018670791
201918018670792
201918018670793
201918018670794
201918018670795
201918018670796
201918018670797
201918018670798
201918018670799
201918018670800
201918018670801
201918018670802
201918018670803
201918018670804
201918018670805
201918018670806
201918018670807
201918018670808
201918018670809
201918018670810
201918018670811
201918018670812
201918018670813
201918018670814
201918018670815
201918018670816
201918018670817
201918018670818
201918018670819
201918018670820
201918018670821
201918018670822
201918018670823
201918018670824
201918018670825
201918018670826
201918018670827
201918018670828
201918018670829
201918018670830
201918018670831
201918018670832
201918018670833
201918018670834
201918018670835
201918018670836
201918018670837
201918018670838
201918018670839
201918018670840
201918018670841
201918018670842
201918018670843
201918018670844
201918018670845
201918018670846
201918018670847
201918018670848
201918018670849
201918018670850
201918018670851
201918018670852
201918018670853
201918018670854
201918018670855
201918018670856
201918018670857
201918018670858
201918018670859
201918018670860
201918018670861
201918018670862
201918018670863
201918018670864
201918018670865
201918018670866
201918018670867
201918018670868
201918018670869
201918018670870
201918018670871
201918018670872
201918018670873
201918018670874
201918018670875
201918018670876
201918018670877
201918018670878
201918018670879
201918018670880
201918018670881
201918018670882
201918018670883
201918018670884
201918018670885
201918018670886
201918018670887
201918018670888
201918018670889
201918018670890
201918018670891
201918018670892
201918018670893
201918018670894
201918018670895
201918018670896
201918018670897
201918018670898
201918018670899
201918018670900
201918018670901
201918018670902
201918018670903
201918018670904
201918018670905
201918018670906
201918018670907
201918018670908
201918018670909
201918018670910
201918018670911
201918018670912
201918018670913
201918018670914
201918018670915
201918018670916
201918018670917
201918018670918
201918018670919
201918018670920
201918018670921
201918018670922
201918018670923
201918018670924
201918018670925
201918018670926
201918018670927
201918018670928
201918018670929
201918018670930
201918018670931
201918018670932
201918018670933
201918018670934
201918018670935
201918018670936
201918018670937
201918018670938
201918018670939
201918018670940
201918018670941
201918018670942
201918018670943
201918018670944
201918018670945
201918018670946
201918018670947
201918018670948
201918018670949
201918018670950
201918018670951
201918018670952
201918018670953
201918018670954
201918018670955
201918018670956
201918018670957
201918018670958
201918018670959
201918018670960
201918018670961
201918018670962
201918018670963
201918018670964
201918018670965
201918018670966
201918018670967
201918018670968
201918018670969
201918018670970
201918018670971
201918018670972
201918018670973
201918018670974
201918018670975
201918018670976
201918018670977
201918018670978
201918018670979
201918018670980
201918018670981
201918018670982
201918018670983
201918018670984
201918018670985
201918018670986
201918018670987
201918018670988
201918018670989
201918018670990
201918018670991
201918018670992
201918018670993
201918018670994
201918018670995
201918018670996
201918018670997
201918018670998
201918018670999
